T5 = 0.8897990656169263
NLLB = 0.906328950488895
BART = 0.9239944868995715
GPT4 = 0.8621512902426076
GPT3.5 = 0.8579043175950647
MarianMT = 0.880915343664538
paradox = 0.8314096227631316
Marco = 0.9217644452586539
CondaBert = 0.984544401931548
ParaGedi = 0.9033913470137531
Madaan_politeness = 0.8931310379356145
PoliteBot = 0.7770215091200128
Count = 0.8283153980284244
Diffudetox = 0.8125469425565371




avg Mymodel = 0.8917884328529991
Best = 0.9239944868995715 (BART)
