T5 =  0.5343536429589094
NLLB = 0.5908011330415609
BART =0.6239655242939931 
GPT4 = 0.3840232984647601
GPT3.5 = 0.41492245844856374
MarianMT = 0.5954127788243205
paradox =  0.46209011707108427
Marco = 0.8005044048968757
CondaBert = 0.8559031878770509
ParaGedi = 0.5175683457306053
Madaan_politeness = 0.6484771342019522
PoliteBot = 0.39526553705809636
Count = 0.46145502396483906
Diffudetox = 0.4446746691374231

Avg myModel = 0.5518911075134695
Best = 0.6239655242939931 (BART) 
